wave_length         LAB                 PPO                 bis                 
193                 0.00059774          0.996943            0.00245927          
193.5               0.000602349         0.996881            0.00251672          
194                 0.000608636         0.996833            0.00255804          
194.5               0.000615415         0.996758            0.00262646          
195                 0.000619774         0.996709            0.00267157          
195.5               0.000623819         0.99666             0.00271643          
196                 0.000630036         0.996574            0.00279597          
196.5               0.000640066         0.996515            0.00284486          
197                 0.000644401         0.996461            0.00289506          
197.5               0.000646664         0.996402            0.00295085          
198                 0.000656154         0.996334            0.00301005          
198.5               0.000660444         0.996282            0.00305706          
199                 0.000670077         0.996217            0.00311266          
199.5               0.000695368         0.996139            0.00316584          
200                 0.00068917          0.996083            0.00322762          
200.5               0.000706738         0.996014            0.00327937          
201                 0.000721936         0.995954            0.00332426          
201.5               0.000746103         0.99586             0.0033943           
202                 0.000740366         0.99581             0.00344995          
202.5               0.000754314         0.995749            0.00349625          
203                 0.000778239         0.995694            0.0035273           
203.5               0.000797178         0.995609            0.00359385          
204                 0.000814902         0.995558            0.00362718          
204.5               0.000838231         0.995505            0.00365638          
205                 0.000866253         0.995442            0.00369182          
205.5               0.000875877         0.99541             0.00371422          
206                 0.000901234         0.995371            0.00372789          
206.5               0.000902924         0.99535             0.00374706          
207                 0.000934594         0.995287            0.00377801          
207.5               0.000963574         0.995277            0.00375981          
208                 0.000986017         0.995269            0.00374545          
208.5               0.000999897         0.995272            0.00372833          
209                 0.00101284          0.995307            0.00368056          
209.5               0.00104098          0.995337            0.00362173          
210                 0.0010646           0.995335            0.00360054          
210.5               0.00108623          0.995319            0.00359445          
211                 0.00109324          0.995445            0.00346131          
211.5               0.00111109          0.995544            0.00334464          
212                 0.00110536          0.99563             0.00326489          
212.5               0.00111252          0.995746            0.00314157          
213                 0.0011004           0.995879            0.00302073          
213.5               0.0011128           0.995972            0.0029152           
214                 0.00109792          0.996114            0.00278759          
214.5               0.00111656          0.996197            0.00268617          
215                 0.00109153          0.996416            0.0024927           
215.5               0.00108504          0.996551            0.00236446          
216                 0.00107018          0.996694            0.00223585          
216.5               0.00107109          0.996798            0.00213114          
217                 0.00106727          0.996939            0.00199383          
217.5               0.00105012          0.997032            0.00191783          
218                 0.00105276          0.997127            0.00181981          
218.5               0.00104296          0.997236            0.00172063          
219                 0.00105115          0.997317            0.00163139          
219.5               0.00104005          0.9974              0.00156004          
220                 0.00102869          0.997471            0.00149983          
220.5               0.00104542          0.997508            0.00144636          
221                 0.00104181          0.997546            0.00141178          
221.5               0.00105175          0.997593            0.00135494          
222                 0.00105059          0.997601            0.0013489           
222.5               0.0010683           0.997577            0.00135472          
223                 0.00107949          0.997568            0.00135242          
223.5               0.00108956          0.99755             0.00136             
224                 0.00110321          0.997505            0.00139189          
224.5               0.00111125          0.997461            0.00142758          
225                 0.00113046          0.997399            0.00147046          
225.5               0.00115499          0.997333            0.00151243          
226                 0.00117017          0.99726             0.00156953          
226.5               0.00119825          0.997143            0.00165914          
227                 0.00122395          0.997029            0.00174738          
227.5               0.00125343          0.996904            0.00184235          
228                 0.00128899          0.996751            0.00195993          
228.5               0.00133939          0.996575            0.0020854           
229                 0.00138274          0.996415            0.00220276          
229.5               0.00144114          0.996186            0.00237326          
230                 0.00149884          0.995973            0.00252831          
230.5               0.00157188          0.995672            0.00275564          
231                 0.00165528          0.995369            0.00297602          
231.5               0.0017272           0.995093            0.00318007          
232                 0.00179334          0.994811            0.0033957           
232.5               0.001923            0.994397            0.00368039          
233                 0.00205756          0.993923            0.00401905          
233.5               0.0021594           0.993533            0.0043073           
234                 0.00231224          0.993005            0.00468275          
234.5               0.00250569          0.992342            0.00515198          
235                 0.0027352           0.991608            0.00565692          
235.5               0.00296456          0.990894            0.00614189          
236                 0.00315214          0.990252            0.00659585          
236.5               0.00340285          0.989423            0.00717395          
237                 0.00365764          0.988621            0.00772125          
237.5               0.00404021          0.987504            0.00845549          
238                 0.00436602          0.986434            0.00919974          
238.5               0.0047049           0.985522            0.00977322          
239                 0.00493712          0.984737            0.0103255           
239.5               0.0054862           0.983355            0.0111593           
240                 0.0060233           0.982007            0.0119694           
240.5               0.00603799          0.981895            0.0120674           
241                 0.00633579          0.981299            0.0123656           
241.5               0.0063299           0.981482            0.0121882           
242                 0.00652237          0.981101            0.0123763           
242.5               0.00649664          0.981551            0.0119523           
243                 0.00657177          0.981356            0.012072            
243.5               0.00628428          0.982452            0.0112637           
244                 0.00601248          0.98345             0.0105375           
244.5               0.00608858          0.983496            0.0104158           
245                 0.00563887          0.984853            0.00950821          
245.5               0.005635            0.985148            0.00921707          
246                 0.00541888          0.985937            0.00864442          
246.5               0.00523579          0.986685            0.00807883          
247                 0.00490483          0.987795            0.00730008          
247.5               0.00477252          0.988299            0.00692803          
248                 0.00454954          0.989078            0.00637246          
248.5               0.00443926          0.989648            0.0059132           
249                 0.00429026          0.990143            0.00556704          
249.5               0.00408655          0.990836            0.00507778          
250                 0.00402155          0.991293            0.00468543          
250.5               0.00385672          0.991803            0.00433982          
251                 0.00369094          0.992331            0.00397802          
251.5               0.00360805          0.992641            0.00375141          
252                 0.00357083          0.992877            0.00355169          
252.5               0.00340691          0.993319            0.00327363          
253                 0.00340592          0.993606            0.00298836          
253.5               0.0033575           0.993844            0.00279858          
254                 0.00330343          0.994099            0.00259795          
254.5               0.00317116          0.994406            0.00242253          
255                 0.00312302          0.994659            0.0022183           
255.5               0.00306339          0.994904            0.00203221          
256                 0.00305763          0.995095            0.00184734          
256.5               0.00300136          0.995308            0.00169049          
257                 0.00293553          0.995544            0.00152026          
257.5               0.00289846          0.995734            0.00136768          
258                 0.00282863          0.995949            0.00122262          
258.5               0.00279919          0.996106            0.0010944           
259                 0.00274824          0.996289            0.000962429         
259.5               0.00267835          0.996468            0.000853955         
260                 0.00262893          0.996659            0.000712313         
260.5               0.00257279          0.99681             0.000617167         
261                 0.00252342          0.996928            0.000548496         
261.5               0.00248771          0.997062            0.00044983          
262                 0.00244526          0.997182            0.000372424         
262.5               0.00236113          0.997341            0.000297939         
263                 0.00231643          0.997453            0.0002309           
263.5               0.00226566          0.997547            0.000186984         
264                 0.00223865          0.997598            0.000163118         
264.5               0.00218153          0.997688            0.000130168         
265                 0.00212484          0.997792            8.34509e-05         
265.5               0.00206104          0.997878            6.13077e-05         
266                 0.00201725          0.997933            5.02403e-05         
266.5               0.0019701           0.997981            4.93001e-05         
267                 0.00194286          0.998009            4.82063e-05         
267.5               0.00188162          0.998071            4.70443e-05         
268                 0.00185633          0.998106            3.73051e-05         
268.5               0.00179618          0.998176            2.75528e-05         
269                 0.00174218          0.998236            2.16113e-05         
269.5               0.00170023          0.998282            1.7657e-05          
270                 0.00166305          0.998312            2.47873e-05         
270.5               0.00161968          0.998337            4.32217e-05         
271                 0.00155541          0.998377            6.79089e-05         
271.5               0.00152778          0.998394            7.81673e-05         
272                 0.00147964          0.998427            9.28914e-05         
272.5               0.00144417          0.99845             0.000105967         
273                 0.00140504          0.99848             0.000115309         
273.5               0.00135854          0.998514            0.000127649         
274                 0.00132259          0.998534            0.000142928         
274.5               0.00127913          0.998559            0.000161872         
275                 0.0012494           0.998565            0.000185126         
275.5               0.00122306          0.99858             0.000197312         
276                 0.00118562          0.998603            0.000211168         
276.5               0.00114846          0.998625            0.000226341         
277                 0.00111973          0.99864             0.000240722         
277.5               0.00109506          0.998646            0.000258795         
278                 0.0010553           0.998668            0.000277001         
278.5               0.00102795          0.998677            0.000294647         
279                 0.00101243          0.998672            0.000315237         
279.5               0.000982566         0.998682            0.000335596         
280                 0.000960819         0.998691            0.000347818         
280.5               0.000940645         0.998699            0.000360733         
281                 0.000916293         0.998711            0.000372775         
281.5               0.000895517         0.998718            0.000386085         
282                 0.000878122         0.99872             0.000402194         
282.5               0.000853271         0.998731            0.00041592          
283                 0.000832961         0.998743            0.000424359         
283.5               0.000816254         0.99875             0.000434209         
284                 0.000798535         0.998757            0.00044472          
284.5               0.000787384         0.998759            0.000453467         
285                 0.000772056         0.998767            0.000460961         
285.5               0.000758503         0.998772            0.000469565         
286                 0.00074658          0.998773            0.000480701         
286.5               0.000728827         0.998781            0.000489935         
287                 0.000720606         0.998779            0.000499918         
287.5               0.000705776         0.998781            0.000513123         
288                 0.000695768         0.998784            0.000519738         
288.5               0.000683819         0.99879             0.000526602         
289                 0.000674093         0.99879             0.000535611         
289.5               0.000663899         0.998791            0.000545234         
290                 0.000652416         0.998792            0.000555219         
290.5               0.000642343         0.998792            0.000565337         
291                 0.000632554         0.998795            0.000572471         
291.5               0.000625302         0.998793            0.00058202          
292                 0.000617092         0.99879             0.000592728         
292.5               0.000605862         0.998792            0.000602081         
293                 0.000599272         0.998794            0.000606755         
293.5               0.000590874         0.998797            0.000611833         
294                 0.000583796         0.99879             0.00062615          
294.5               0.000579796         0.998779            0.000641469         
295                 0.00057197          0.998777            0.00065065          
295.5               0.000565008         0.998774            0.000660659         
296                 0.000559374         0.998767            0.000673898         
296.5               0.000556211         0.998754            0.000689621         
297                 0.000550208         0.99875             0.000699619         
297.5               0.000542232         0.998748            0.000709289         
298                 0.000535405         0.998745            0.000719668         
298.5               0.000529926         0.998739            0.000731151         
299                 0.000525914         0.99873             0.000744157         
299.5               0.000520667         0.998721            0.000758049         
300                 0.000513161         0.998716            0.000771172         
300.5               0.000506785         0.998708            0.000785315         
301                 0.000502405         0.998701            0.000796195         
301.5               0.000496952         0.998694            0.000809111         
302                 0.000494874         0.998679            0.000825674         
302.5               0.000490115         0.998665            0.000844761         
303                 0.000487354         0.99865             0.000862938         
303.5               0.000486168         0.998634            0.000879821         
304                 0.000482246         0.998621            0.000896358         
304.5               0.000481681         0.998597            0.000921406         
305                 0.000482062         0.99857             0.000947854         
305.5               0.000482462         0.998543            0.000974544         
306                 0.000484215         0.998515            0.00100087          
306.5               0.000483065         0.998492            0.00102516          
307                 0.000482399         0.998461            0.00105695          
307.5               0.000486153         0.998426            0.00108833          
308                 0.000486647         0.998396            0.00111741          
308.5               0.000484638         0.998368            0.00114733          
309                 0.000486803         0.998339            0.00117418          
309.5               0.000489582         0.998307            0.00120319          
310                 0.000488928         0.998277            0.00123358          
310.5               0.000487897         0.998247            0.00126476          
311                 0.000486972         0.998221            0.00129162          
311.5               0.000485265         0.998196            0.00131833          
312                 0.000482644         0.998173            0.00134463          
312.5               0.000479901         0.998145            0.00137552          
313                 0.000479626         0.998113            0.00140754          
313.5               0.000478691         0.998077            0.00144438          
314                 0.000477033         0.998038            0.00148478          
314.5               0.000477748         0.998003            0.00151896          
315                 0.000480819         0.997958            0.00156079          
315.5               0.00048199          0.997914            0.00160413          
316                 0.000484151         0.997862            0.00165374          
316.5               0.000488357         0.9978              0.00171186          
317                 0.000492649         0.997738            0.00176961          
317.5               0.000498343         0.99766             0.00184172          
318                 0.000505281         0.997577            0.001918            
318.5               0.000514521         0.997463            0.00202269          
319                 0.000520546         0.997372            0.00210735          
319.5               0.000527678         0.997287            0.00218503          
320                 0.000537023         0.997189            0.00227433          
320.5               0.000542825         0.997098            0.00235928          
321                 0.000546467         0.997005            0.00244862          
321.5               0.000559092         0.996869            0.00257231          
322                 0.000567443         0.996749            0.00268349          
322.5               0.000573518         0.99663             0.0027963           
323                 0.000579853         0.9965              0.00291996          
323.5               0.000588691         0.996363            0.00304859          
324                 0.000593968         0.996245            0.00316055          
324.5               0.000598352         0.996123            0.00327828          
325                 0.000599339         0.995978            0.0034223           
325.5               0.000594637         0.995833            0.00357232          
326                 0.000584032         0.995667            0.00374878          
326.5               0.000557807         0.995522            0.00392027          
327                 0.000511627         0.995421            0.00406734          
327.5               0.000461824         0.995285            0.00425335          
328                 0.000407845         0.995136            0.00445616          
328.5               0.000355014         0.994974            0.004671            
329                 0.000308822         0.994754            0.00493681          
329.5               0.000263193         0.994608            0.00512846          
330                 0.000197221         0.995099            0.00470366          
330.5               0.000167076         0.994961            0.00487146          
331                 0.000141104         0.994813            0.00504575          
331.5               0.000118919         0.994669            0.00521221          
332                 0.000100233         0.994524            0.00537606          
332.5               8.49123e-05         0.994405            0.00551027          
333                 7.1842e-05          0.994287            0.00564106          
333.5               6.10038e-05         0.994173            0.0057662           
334                 5.24188e-05         0.99406             0.00588737          
334.5               4.52065e-05         0.993945            0.00600956          
335                 3.95793e-05         0.993809            0.00615113          
335.5               3.49545e-05         0.993627            0.00633784          
336                 3.1423e-05          0.993386            0.00658235          
336.5               2.88678e-05         0.993044            0.00692664          
337                 2.70011e-05         0.99267             0.0073033           
337.5               2.58481e-05         0.992174            0.00779979          
338                 2.52561e-05         0.991544            0.00843095          
338.5               2.48476e-05         0.990714            0.00926123          
339                 2.5288e-05          0.989615            0.0103595           
339.5               2.62459e-05         0.988199            0.0117749           
340                 2.72644e-05         0.986465            0.0135074           
340.5               2.94821e-05         0.984201            0.0157699           
341                 3.24116e-05         0.981174            0.0187932           
341.5               3.56338e-05         0.977338            0.0226264           
342                 4.12153e-05         0.972461            0.0274975           
342.5               4.65406e-05         0.966703            0.0332508           
343                 5.35633e-05         0.959281            0.0406659           
343.5               6.28554e-05         0.949609            0.0503278           
344                 7.33832e-05         0.937642            0.0622845           
344.5               8.71356e-05         0.922093            0.0778198           
345                 0.000104402         0.902467            0.0974287           
345.5               0.000122324         0.877972            0.121906            
346                 0.000144235         0.845489            0.154367            
346.5               0.000174066         0.797175            0.202651            
347                 0.000195087         0.750368            0.249437            
347.5               0.000211862         0.696074            0.303714            
348                 0.000233827         0.637593            0.362173            
348.5               0.000244685         0.562114            0.437642            
349                 0.000260039         0.483633            0.516107            
349.5               0.000237953         0.412151            0.587611            
350                 0.000238069         0.355609            0.644153            
350.5               0.000229726         0.313936            0.685835            
351                 0.000213338         0.279143            0.720643            
351.5               0.000207204         0.235579            0.764214            
352                 0.000208663         0.204129            0.795663            
352.5               0.000196939         0.177374            0.822429            
353                 0.000196379         0.154418            0.845386            
353.5               0.000189212         0.134441            0.86537             
354                 0.000174702         0.117186            0.882639            
354.5               0.000173619         0.101954            0.897872            
355                 0.000149469         0.0882457           0.911605            
355.5               0.000139749         0.0764763           0.923384            
356                 0.000135336         0.0661939           0.933671            
356.5               0.000143337         0.0572421           0.942615            
357                 0.000139459         0.0485009           0.95136             
357.5               0.000150881         0.0417884           0.958061            
358                 0.000130333         0.0358543           0.964015            
358.5               0.000120792         0.030707            0.969172            
359                 0.000129967         0.025367            0.974503            
359.5               0.000116458         0.0212766           0.978607            
360                 0.000116062         0.0172083           0.982676            
360.5               0.000122886         0.0147022           0.985175            
361                 0.000112689         0.0124392           0.987448            
361.5               0.00013049          0.0105325           0.989337            
362                 0.000132554         0.00874369          0.991124            
362.5               0.000105278         0.00742645          0.992468            
363                 0.000120956         0.00632002          0.993559            
363.5               0.000109675         0.00538939          0.994501            
364                 9.41534e-05         0.00461232          0.995294            
364.5               0.000116562         0.00392343          0.99596             
365                 0.000102549         0.00330229          0.996595            
365.5               0.000127187         0.00290462          0.996968            
366                 0.000114464         0.00255525          0.99733             
366.5               0.000129133         0.00224469          0.997626            
367                 0.000121046         0.001964            0.997915            
367.5               0.000133594         0.00170611          0.99816             
368                 0.000137333         0.00148613          0.998377            
368.5               0.000152313         0.00129385          0.998554            
369                 0.000146402         0.00112867          0.998725            
369.5               0.000143964         0.000988489         0.998868            
370                 0.000142881         0.000876983         0.99898             
370.5               0.000124986         0.000775242         0.9991              
371                 0.000118249         0.000685712         0.999196            
371.5               0.000119065         0.000610917         0.99927             
372                 0.000108303         0.000545918         0.999346            
372.5               0.000113661         0.000492054         0.999394            
373                 0.000106616         0.000446711         0.999447            
373.5               0.000115128         0.000406531         0.999478            
374                 0.000113199         0.000371409         0.999515            
374.5               0.000136087         0.00034014          0.999524            
375                 0.000109485         0.000312645         0.999578            
375.5               8.60288e-05         0.000287716         0.999626            
376                 9.62626e-05         0.000265181         0.999639            
376.5               0.00010769          0.000246985         0.999645            
377                 0.000130803         0.000231322         0.999638            
377.5               9.86712e-05         0.000217042         0.999684            
378                 9.10975e-05         0.000204641         0.999704            
378.5               0.000105075         0.000193963         0.999701            
379                 0.000125757         0.000185754         0.999688            
379.5               0.000137777         0.000179019         0.999683            
380                 0.000106871         0.000174218         0.999719            
380.5               0.000138812         0.000168682         0.999693            
381                 0.000104953         0.000163188         0.999732            
381.5               0.000139279         0.000159288         0.999701            
382                 0.000149622         0.000156123         0.999694            
382.5               0.000153231         0.00015341          0.999693            
383                 0.000180416         0.000152939         0.999667            
383.5               0.000125552         0.00015248          0.999722            
384                 0.000153844         0.000152157         0.999694            
384.5               0.000164501         0.000152187         0.999683            
385                 0.000191194         0.000153678         0.999655            
385.5               0.000194529         0.000155833         0.99965             
386                 0.000218639         0.000160256         0.999621            
386.5               0.000270398         0.000164806         0.999565            
387                 0.000243436         0.000167529         0.999589            
387.5               0.00022075          0.000171856         0.999607            
388                 0.000303728         0.000176317         0.99952             
388.5               0.000320799         0.000180918         0.999498            
389                 0.000337282         0.000187464         0.999475            
389.5               0.000343829         0.000197045         0.999459            
390                 0.000403839         0.000207074         0.999389            
390.5               0.000392961         0.000215298         0.999392            
391                 0.000328636         0.000226064         0.999445            
391.5               0.000286122         0.000239262         0.999475            
392                 0.000264312         0.000255249         0.99948             
392.5               0.00026704          0.000273981         0.999459            
393                 0.000248523         0.000291605         0.99946             
393.5               0.000259312         0.000309207         0.999431            
394                 0.00024772          0.000328866         0.999423            
394.5               0.000220381         0.000357076         0.999423            
395                 0.000361968         0.000389969         0.999248            
395.5               0.000178115         0.000427151         0.999395            
396                 0.000233467         0.000466029         0.999301            
396.5               0.000333654         0.000510358         0.999156            
397                 0.000348738         0.000558813         0.999092            
397.5               0.000300447         0.000608793         0.999091            
398                 0.000400561         0.000697321         0.998902            
398.5               0.000400491         0.000787939         0.998812            
399                 0.000349545         0.00088319          0.998767            
399.5               0.000620295         0.000982475         0.998397            
400                 0.00062049          0.00111383          0.998266            
400.5               0.000758242         0.00125676          0.997985            
401                 0.000660879         0.00141116          0.997928            
401.5               0.000742916         0.0016254           0.997632            
402                 0.000840296         0.00187463          0.997285            
402.5               0.000979445         0.00212304          0.996898            
403                 0.00115386          0.00244902          0.996397            
403.5               0.00135617          0.00284189          0.995802            
404                 0.00159548          0.00325691          0.995148            
404.5               0.00186319          0.00371936          0.994417            
405                 0.00221046          0.00437338          0.993416            
405.5               0.0026041           0.00505863          0.992337            
406                 0.00301303          0.00582706          0.99116             
406.5               0.00354272          0.0067891           0.989668            
407                 0.00420982          0.00787855          0.987912            
407.5               0.0049292           0.00891329          0.986158            
408                 0.0060474           0.0105544           0.983398            
408.5               0.00701939          0.0120637           0.980917            
409                 0.00796283          0.0134721           0.978565            
409.5               0.00912546          0.0154477           0.975427            
410                 0.0112139           0.0188984           0.969888            
410.5               0.0117396           0.0208547           0.967406            
411                 0.0123806           0.023141            0.964478            
411.5               0.0130241           0.025602            0.961374            
412                 0.0137242           0.0280474           0.958228            
412.5               0.0145374           0.0311219           0.954341            
413                 0.0153427           0.0351518           0.949505            
413.5               0.0162121           0.0383869           0.945401            
414                 0.0171784           0.0427253           0.940096            
414.5               0.01825             0.0485023           0.933248            
415                 0.0195281           0.0528657           0.927606            
415.5               0.0208616           0.0565484           0.92259             
416                 0.0222329           0.0614147           0.916352            
416.5               0.0237941           0.0688293           0.907377            
417                 0.025395            0.0768286           0.897776            
417.5               0.0271385           0.0845196           0.888342            
418                 0.029191            0.0913594           0.87945             
418.5               0.031362            0.099987            0.868651            
419                 0.0337989           0.111462            0.854739            
419.5               0.0365248           0.122503            0.840972            
420                 0.0395081           0.137               0.823491            
420.5               0.0424489           0.153458            0.804093            
421                 0.0458891           0.167033            0.787078            
421.5               0.0502714           0.18254             0.767188            
422                 0.0544808           0.206869            0.73865             
422.5               0.0588591           0.224628            0.716513            
423                 0.0636608           0.244022            0.692317            
423.5               0.0687615           0.277181            0.654058            
424                 0.0749919           0.308843            0.616165            
424.5               0.0803994           0.337391            0.58221             
425                 0.0854429           0.381365            0.533192            
425.5               0.0901798           0.446639            0.463181            
426                 0.0954811           0.489742            0.414777            
426.5               0.101989            0.513448            0.384564            
427                 0.107558            0.542483            0.349959            
427.5               0.112478            0.584092            0.30343             
428                 0.116091            0.625482            0.258427            
428.5               0.117465            0.660106            0.222429            
429                 0.118475            0.692217            0.189308            
429.5               0.120895            0.724617            0.154487            
430                 0.124314            0.738489            0.137197            
430.5               0.131316            0.742281            0.126403            
431                 0.132359            0.765608            0.102033            
431.5               0.134094            0.780329            0.0855764           
432                 0.133656            0.79143             0.0749137           
432.5               0.137689            0.795541            0.0667699           
433                 0.143381            0.795437            0.061182            
433.5               0.149368            0.793786            0.0568453           
434                 0.152914            0.803964            0.0431225           
434.5               0.154606            0.816646            0.0287484           
435                 0.155452            0.822987            0.0215613           
435.5               0.16042             0.824869            0.0147112           
436                 0.163479            0.829078            0.00744277          
436.5               0.165707            0.826766            0.00752761          
437                 0.165707            0.82677             0.00752323          
437.5               0.172768            0.819433            0.00779909          
438                 0.175257            0.816851            0.0078925           
438.5               0.180457            0.811452            0.00809108          
439                 0.185975            0.805725            0.00829987          
439.5               0.188863            0.802732            0.0084059           
440                 0.188863            0.802736            0.00840102          
440.5               0.194916            0.796458            0.00862643          
441                 0.19809             0.793169            0.00874115          
441.5               0.198091            0.793173            0.00873608          
442                 0.201371            0.789776            0.00885386          
442.5               0.201371            0.78978             0.00884874          
443                 0.194919            0.796479            0.00860149          
443.5               0.19492             0.796483            0.00859653          
444                 0.204763            0.786278            0.00895933          
444.5               0.211897            0.778887            0.00921652          
445                 0.215654            0.774998            0.00934791          
445.5               0.211899            0.778896            0.00920589          
446                 0.211899            0.7789              0.00920059          
446.5               0.215657            0.775012            0.00933177          
447                 0.219549            0.770984            0.00946673          
447.5               0.227771            0.762475            0.00975423          
448                 0.223586            0.766814            0.00960011          
448.5               0.223587            0.766818            0.00959459          
449                 0.227774            0.762488            0.00973743          
449.5               0.219554            0.771006            0.00943957          
450                 0.22359             0.766832            0.00957809          
450.5               0.232123            0.758004            0.00987321          
451                 0.236639            0.753336            0.0100246           
451.5               0.246218            0.743434            0.0103473           
452                 0.256606            0.732704            0.0106904           
452.5               0.267909            0.721036            0.0110557           
453                 0.273942            0.714813            0.0112441           
453.5               0.262139            0.727006            0.0108547           
454                 0.25131             0.7382              0.0104892           
454.5               0.251312            0.738205            0.0104832           
455                 0.246227            0.743467            0.010306            
455.5               0.256615            0.732737            0.0106478           
456                 0.273951            0.714843            0.0112057           
456.5               0.280263            0.708337            0.0113995           
457                 0.286873            0.701527            0.0115997           
457.5               0.293802            0.694391            0.0118066           
458                 0.301075            0.686905            0.0120203           
458.5               0.308716            0.679043            0.0122412           
459                 0.301078            0.686915            0.0120067           
459.5               0.286881            0.701552            0.0115668           
460                 0.286883            0.701557            0.0115603           
460.5               0.301083            0.68693             0.0119863           
461                 0.293814            0.694426            0.0117598           
461.5               0.280278            0.708387            0.011335            
462                 0.301088            0.686946            0.0119659           
462.5               0.325236            0.662101            0.0126622           
463                 0.334171            0.652924            0.0129052           
463.5               0.334173            0.652929            0.0128979           
464                 0.334176            0.652934            0.0128906           
464.5               0.316776            0.670832            0.0123921           
465                 0.325246            0.662127            0.0126265           
465.5               0.325248            0.662132            0.0126194           
466                 0.316782            0.670847            0.0123711           
466.5               0.353611            0.633011            0.0133777           
467                 0.375436            0.610636            0.0139276           
467.5               0.387393            0.598396            0.0142115           
468                 0.387395            0.598401            0.0142035           
468.5               0.375444            0.610651            0.0139042           
469                 0.400141            0.585371            0.0144873           
469.5               0.400144            0.585376            0.0144792           
470                 0.353628            0.633047            0.0133252           
470.5               0.334203            0.653               0.0127967           
471                 0.334205            0.653006            0.0127896           
471.5               0.353635            0.633062            0.0133028           
472                 0.413767            0.571487            0.0147458           
472.5               0.41377             0.571492            0.0147375           
473                 0.375468            0.610698            0.0138343           
473.5               0.387426            0.598457            0.0141163           
474                 0.387429            0.598462            0.0141084           
474.5               0.413783            0.571512            0.0147046           
475                 0.413786            0.571517            0.0146964           
475.5               0.428357            0.556641            0.0150019           
476                 0.42836             0.556646            0.0149935           
476.5               0.428363            0.556651            0.0149852           
477                 0.428367            0.556656            0.0149769           
477.5               0.413802            0.571542            0.0146556           
478                 0.400195            0.585463            0.0143424           
478.5               0.428377            0.556671            0.0149519           
479                 0.413812            0.571557            0.0146312           
479.5               0.460832            0.523588            0.0155797           
480                 0.498513            0.485256            0.0162314           
480.5               0.413821            0.571572            0.0146069           
481                 0.413824            0.571577            0.0145988           
481.5               0.428397            0.5567              0.0149023           
482                 0.428401            0.556705            0.014894            
482.5               0.460855            0.523617            0.015528            
483                 0.479001            0.505152            0.0158476           
483.5               0.498545            0.485287            0.0161687           
484                 0.479009            0.505161            0.0158301           
484.5               0.498554            0.485295            0.0161508           
485                 0.51845             0.465079            0.0164714           
485.5               0.479022            0.505174            0.0158039           
486                 0.479026            0.505179            0.0157952           
486.5               0.498572            0.485313            0.0161153           
487                 0.46089             0.523659            0.0154512           
487.5               0.479039            0.505192            0.0157691           
488                 0.498585            0.485326            0.0160887           
488.5               0.518484            0.465108            0.0164081           
489                 0.518489            0.465112            0.0163991           
489.5               0.538388            0.444894            0.016718            
490                 0.518498            0.465121            0.0163811           
490.5               0.498608            0.485348            0.0160446           
491                 0.518508            0.465129            0.0163632           
491.5               0.518513            0.465133            0.0163542           
492                 0.55831             0.42469             0.0169992           
492.5               0.558316            0.424694            0.0169899           
493                 0.538424            0.444922            0.016654            
493.5               0.578225            0.404478            0.0172978           
494                 0.558333            0.424705            0.0169621           
494.5               0.578236            0.404485            0.0172789           
495                 0.578242            0.404488            0.0172695           
495.5               0.558349            0.424717            0.0169343           
496                 0.538455            0.444945            0.0165996           
496.5               0.55836             0.424724            0.0169159           
497                 0.558366            0.424728            0.0169067           
497.5               0.558371            0.424731            0.0168975           
498                 0.558377            0.424735            0.0168883           
498.5               0.598184            0.384288            0.0175284           
499                 0.637993            0.343839            0.0181679           
499.5               0.638               0.343842            0.018158            
500                 0.598203            0.384298            0.0174999           
500.5               0.598209            0.384301            0.0174904           
501                 0.578312            0.404531            0.0171572           
501.5               0.598221            0.384308            0.0174715           
502                 0.578324            0.404538            0.0171386           
502.5               0.578329            0.404541            0.0171294           
503                 0.618143            0.36409             0.0177662           
503.5               0.657959            0.323639            0.0184024           
504                 0.677871            0.303414            0.0187152           
504.5               0.677878            0.303416            0.0187051           
505                 0.638075            0.343875            0.0180503           
505.5               0.638082            0.343878            0.0180406           
506                 0.618182            0.364109            0.0177088           
506.5               0.598282            0.384341            0.0173774           
507                 0.598288            0.384344            0.0173681           
507.5               0.618201            0.364118            0.0176802           
508                 0.658023            0.323664            0.0183134           
508.5               0.65803             0.323666            0.0183035           
509                 0.677945            0.30344             0.0186147           
509.5               0.677953            0.303442            0.0186047           
510                 0.658051            0.323675            0.0182741           
510.5               0.658058            0.323677            0.0182643           
511                 0.677975            0.30345             0.0185748           
511.5               0.658072            0.323683            0.0182447           
512                 0.638169            0.343916            0.017915            
512.5               0.638176            0.343919            0.0179054           
513                 0.678005            0.30346             0.0185351           
513.5               0.697923            0.283232            0.0188446           
514                 0.697931            0.283235            0.0188345           
514.5               0.678027            0.303468            0.0185054           
515                 0.658121            0.323702            0.0181766           
515.5               0.638216            0.343936            0.0178481           
516                 0.697962            0.283244            0.0187944           
516.5               0.737796            0.242783            0.0194212           
517                 0.737804            0.242785            0.0194109           
517.5               0.67807             0.303483            0.0184463           
518                 0.618334            0.364183            0.0174827           
518.5               0.61834             0.364186            0.0174734           
519                 0.658177            0.323724            0.0180993           
519.5               0.658184            0.323726            0.0180897           
520                 0.678107            0.303496            0.0183973           
520.5               0.69803             0.283265            0.0187046           
521                 0.717954            0.263034            0.0190116           
521.5               0.698045            0.28327             0.0186848           
522                 0.698053            0.283272            0.0186749           
522.5               0.69806             0.283275            0.018665            
523                 0.698068            0.283277            0.0186552           
523.5               0.717993            0.263045            0.0189614           
524                 0.73792             0.242813            0.0192672           
524.5               0.69809             0.283284            0.0186256           
525                 0.678179            0.303521            0.0183002           
525.5               0.698105            0.283289            0.0186059           
526                 0.658273            0.323761            0.0179657           
526.5               0.65828             0.323764            0.0179562           
527                 0.658287            0.323767            0.0179467           
527.5               0.718056            0.263062            0.0188815           
528                 0.757906            0.222593            0.0195007           
528.5               0.777836            0.202359            0.0198048           
529                 0.757923            0.222597            0.0194802           
529.5               0.777854            0.202362            0.019784            
530                 0.797785            0.182128            0.0200875           
530.5               0.777871            0.202366            0.0197632           
531                 0.71811             0.263078            0.0188121           
531.5               0.698195            0.283317            0.0184888           
532                 0.698202            0.283319            0.0184792           
532.5               0.698209            0.283321            0.0184695           
533                 0.698217            0.283323            0.0184598           
533.5               0.738074            0.242851            0.0190757           
534                 0.738082            0.242853            0.0190657           
534.5               0.718164            0.263092            0.0187433           
535                 0.758024            0.222618            0.019358            
535.5               0.758032            0.22262             0.0193479           
536                 0.777967            0.202384            0.0196498           
536.5               0.758048            0.222624            0.0193277           
537                 0.817838            0.16191             0.0202525           
537.5               0.837775            0.141672            0.0205534           
538                 0.857712            0.121434            0.020854            
538.5               0.797938            0.182153            0.0199098           
539                 0.778018            0.202393            0.0195884           
539.5               0.778027            0.202395            0.0195782           
540                 0.758106            0.222636            0.0192574           
540.5               0.778044            0.202398            0.0195579           
541                 0.758123            0.22264             0.0192374           
541.5               0.718271            0.263122            0.0186071           
542                 0.758139            0.222643            0.0192175           
542.5               0.83787             0.141683            0.0204469           
543                 0.798017            0.182166            0.0198169           
543.5               0.758164            0.222649            0.0191876           
544                 0.73824             0.242891            0.0188683           
544.5               0.817976            0.161929            0.0200953           
545                 0.817985            0.16193             0.020085            
545.5               0.817994            0.161931            0.0200746           
546                 0.818003            0.161933            0.0200642           
546.5               0.798079            0.182176            0.0197453           
547                 0.798088            0.182177            0.0197351           
547.5               0.81803             0.161937            0.0200332           
548                 0.877842            0.101211            0.0209471           
548.5               0.95759             0.0202424           0.022168            
549                 0.957601            0.0202425           0.0221566           
549.5               0.897807            0.0809708           0.0212223           
550                 0.838011            0.1417              0.0202891           
550.5               0.758277            0.222673            0.0190495           
551                 0.758285            0.222675            0.0190397           
551.5               0.798166            0.18219             0.0196439           
552                 0.838048            0.141704            0.0202474           
552.5               0.857994            0.121462            0.0205437           
553                 0.858004            0.121463            0.0205332           
553.5               0.838076            0.141708            0.0202163           
554                 0.798209            0.182197            0.0195935           
554.5               0.798218            0.182199            0.0195835           
555                 0.758349            0.222689            0.0189617           
555.5               0.758357            0.222691            0.018952            
556                 0.758365            0.222692            0.0189424           
556.5               0.818192            0.161959            0.0198489           
557                 0.838141            0.141715            0.020144            
557.5               0.81821             0.161962            0.0198286           
558                 0.818219            0.161963            0.0198185           
558.5               0.778346            0.202455            0.0191988           
559                 0.778354            0.202457            0.0191891           
559.5               0.838186            0.141721            0.0200927           
560                 0.858137            0.121476            0.0203868           
560.5               0.818263            0.161969            0.0197681           
561                 0.838214            0.141724            0.020062            
561.5               0.838223            0.141725            0.0200518           
562                 0.778403            0.202466            0.0191305           
562.5               0.818298            0.161974            0.0197279           
563                 0.798363            0.182222            0.0194145           
563.5               0.798372            0.182224            0.0194047           
564                 0.838268            0.141731            0.020001            
564.5               0.858222            0.121484            0.0202938           
565                 0.858231            0.121485            0.0202835           
565.5               0.858241            0.121486            0.0202732           
566                 0.838305            0.141735            0.0199605           
566.5               0.838314            0.141736            0.0199504           
567                 0.818377            0.161985            0.0196382           
567.5               0.858278            0.12149             0.0202323           
568                 0.838341            0.141739            0.0199202           
568.5               0.83835             0.14174             0.0199101           
569                 0.858306            0.121493            0.0202016           
569.5               0.878263            0.101245            0.0204928           
570                 0.918168            0.0607472           0.021085            
570.5               0.878282            0.101246            0.0204722           
571                 0.878291            0.101247            0.0204619           
571.5               0.878301            0.101248            0.0204516           
572                 0.87831             0.101248            0.0204413           
572.5               0.858371            0.121499            0.0201305           
573                 0.798531            0.18225             0.0192194           
573.5               0.798539            0.182251            0.0192097           
574                 0.818498            0.162002            0.0195001           
574.5               0.818506            0.162003            0.0194903           
575                 0.838466            0.141754            0.0197803           
575.5               0.838475            0.141755            0.0197704           
576                 0.858435            0.121505            0.0200599           
576.5               0.898347            0.0810041           0.0206485           
577                 0.918309            0.0607535           0.0209373           
577.5               0.918319            0.060754            0.0209268           
578                 0.858471            0.121509            0.0200198           
578.5               0.838528            0.141761            0.0197111           
579                 0.85849             0.121511            0.0199998           
579.5               0.858499            0.121512            0.0199898           
580                 0.878462            0.10126             0.0202781           
580.5               0.838563            0.141766            0.0196718           
581                 0.838571            0.141767            0.019662            
581.5               0.818626            0.16202             0.0193544           
582                 0.778724            0.202527            0.0187494           
582.5               0.818642            0.162022            0.0193351           
583                 0.838606            0.141771            0.0196228           
583.5               0.838615            0.141772            0.0196131           
584                 0.85858             0.12152             0.0199004           
584.5               0.898502            0.0810136           0.0204843           
585                 0.898512            0.0810142           0.0204742           
585.5               0.858607            0.121522            0.0198708           
586                 0.878573            0.101269            0.0201574           
586.5               0.938456            0.040508            0.0210364           
587                 0.938466            0.0405083           0.0210259           
587.5               0.918518            0.0607628           0.0207195           
588                 0.87861             0.101272            0.0201175           
588.5               0.898578            0.0810183           0.0204032           
589                 0.938506            0.0405094           0.0209843           
589.5               0.938516            0.0405097           0.020974            
590                 0.878647            0.101275            0.0200777           
590.5               0.838736            0.141786            0.0194775           
591                 0.898626            0.0810212           0.0203529           
591.5               0.898635            0.0810218           0.0203429           
592                 0.858723            0.121534            0.0197434           
592.5               0.878693            0.101279            0.0200282           
593                 0.918625            0.0607677           0.0206072           
593.5               0.898673            0.0810241           0.0203028           
594                 0.918645            0.0607685           0.0205869           
594.5               0.898692            0.0810253           0.0202828           
595                 0.898701            0.0810259           0.0202728           
595.5               0.838822            0.141796            0.0193818           
596                 0.83883             0.141797            0.0193723           
596.5               0.818875            0.162055            0.0190693           
597                 0.818884            0.162056            0.01906             
597.5               0.878784            0.101286            0.01993             
598                 0.858829            0.121544            0.0196272           
598.5               0.858838            0.121545            0.0196176           
599                 0.858846            0.121546            0.019608            
599.5               0.858855            0.121547            0.0195984           
600                 0.878829            0.10129             0.0198812           
600.5               0.878838            0.10129             0.0198715           
601                 0.878847            0.101291            0.0198618           
601.5               0.878856            0.101292            0.0198521           
602                 0.878865            0.101292            0.0198424           
602.5               0.878874            0.101293            0.0198327           
603                 0.878883            0.101294            0.0198231           
603.5               0.878892            0.101295            0.0198134           
604                 0.878901            0.101295            0.0198037           
604.5               0.87891             0.101296            0.0197941           
605                 0.878919            0.101297            0.0197844           
605.5               0.878928            0.101297            0.0197748           
606                 0.878937            0.101298            0.0197652           
606.5               0.878946            0.101299            0.0197556           
607                 0.878955            0.101299            0.019746            
607.5               0.878963            0.1013              0.0197364           
608                 0.878972            0.101301            0.0197268           
608.5               0.878981            0.101302            0.0197172           
609                 0.87899             0.101302            0.0197077           
609.5               0.878999            0.101303            0.0196981           
610                 0.879008            0.101304            0.0196886           
610.5               0.879017            0.101304            0.0196791           
611                 0.879025            0.101305            0.0196695           
611.5               0.879034            0.101306            0.01966             
612                 0.879043            0.101306            0.0196505           
612.5               0.879052            0.101307            0.019641            
613                 0.879061            0.101308            0.0196315           
613.5               0.879069            0.101309            0.019622            
614                 0.879078            0.101309            0.0196126           
614.5               0.879087            0.10131             0.0196031           
615                 0.879096            0.101311            0.0195937           
615.5               0.879104            0.101311            0.0195842           
616                 0.879113            0.101312            0.0195748           
616.5               0.879122            0.101313            0.0195654           
617                 0.879131            0.101313            0.0195559           
617.5               0.879139            0.101314            0.0195465           
618                 0.879148            0.101315            0.0195371           
618.5               0.879157            0.101316            0.0195277           
619                 0.879165            0.101316            0.0195184           
619.5               0.879174            0.101317            0.019509            
620                 0.879183            0.101318            0.0194996           
620.5               0.879191            0.101318            0.0194903           
621                 0.8792              0.101319            0.0194809           
621.5               0.879209            0.10132             0.0194716           
622                 0.879217            0.10132             0.0194623           
622.5               0.879226            0.101321            0.019453            
623                 0.879235            0.101322            0.0194437           
623.5               0.879243            0.101322            0.0194344           
624                 0.879252            0.101323            0.0194251           
624.5               0.87926             0.101324            0.0194158           
625                 0.879269            0.101324            0.0194065           
625.5               0.879278            0.101325            0.0193972           
626                 0.879286            0.101326            0.019388            
626.5               0.879295            0.101326            0.0193787           
627                 0.879303            0.101327            0.0193695           
627.5               0.879312            0.101328            0.0193603           
628                 0.87932             0.101329            0.0193511           
628.5               0.879329            0.101329            0.0193418           
629                 0.879337            0.10133             0.0193326           
629.5               0.879346            0.101331            0.0193235           
630                 0.879355            0.101331            0.0193143           
630.5               0.879363            0.101332            0.0193051           
631                 0.879372            0.101333            0.0192959           
631.5               0.87938             0.101333            0.0192868           
632                 0.879388            0.101334            0.0192776           
632.5               0.879397            0.101335            0.0192685           
633                 0.879405            0.101335            0.0192593           
633.5               0.879414            0.101336            0.0192502           
634                 0.879422            0.101337            0.0192411           
634.5               0.879431            0.101337            0.019232            
635                 0.879439            0.101338            0.0192229           
635.5               0.879448            0.101339            0.0192138           
636                 0.879456            0.101339            0.0192047           
636.5               0.879464            0.10134             0.0191957           
637                 0.879473            0.101341            0.0191866           
637.5               0.879481            0.101341            0.0191775           
638                 0.87949             0.101342            0.0191685           
638.5               0.879498            0.101343            0.0191595           
639                 0.879506            0.101343            0.0191504           
639.5               0.879515            0.101344            0.0191414           
640                 0.879523            0.101345            0.0191324           
640.5               0.879531            0.101345            0.0191234           
641                 0.87954             0.101346            0.0191144           
641.5               0.879548            0.101347            0.0191054           
642                 0.879556            0.101347            0.0190964           
642.5               0.879565            0.101348            0.0190875           
643                 0.879573            0.101349            0.0190785           
643.5               0.879581            0.101349            0.0190695           
644                 0.87959             0.10135             0.0190606           
644.5               0.879598            0.101351            0.0190517           
645                 0.879606            0.101351            0.0190427           
645.5               0.879614            0.101352            0.0190338           
646                 0.879623            0.101352            0.0190249           
646.5               0.879631            0.101353            0.019016            
647                 0.879639            0.101354            0.0190071           
647.5               0.879647            0.101354            0.0189982           
648                 0.879656            0.101355            0.0189893           
648.5               0.879664            0.101356            0.0189805           
649                 0.879672            0.101356            0.0189716           
649.5               0.87968             0.101357            0.0189628           
650                 0.879688            0.101358            0.0189539           
650.5               0.879697            0.101358            0.0189451           
651                 0.879705            0.101359            0.0189362           
651.5               0.879713            0.10136             0.0189274           
652                 0.879721            0.10136             0.0189186           
652.5               0.879729            0.101361            0.0189098           
653                 0.879737            0.101362            0.018901            
653.5               0.879746            0.101362            0.0188922           
654                 0.879754            0.101363            0.0188835           
654.5               0.879762            0.101364            0.0188747           
655                 0.87977             0.101364            0.0188659           
655.5               0.879778            0.101365            0.0188572           
656                 0.879786            0.101365            0.0188484           
656.5               0.879794            0.101366            0.0188397           
657                 0.879802            0.101367            0.0188309           
657.5               0.87981             0.101367            0.0188222           
658                 0.879818            0.101368            0.0188135           
658.5               0.879827            0.101369            0.0188048           
659                 0.879835            0.101369            0.0187961           
659.5               0.879843            0.10137             0.0187874           
660                 0.879851            0.101371            0.0187787           
660.5               0.879859            0.101371            0.0187701           
661                 0.879867            0.101372            0.0187614           
661.5               0.879875            0.101373            0.0187527           
662                 0.879883            0.101373            0.0187441           
662.5               0.879891            0.101374            0.0187354           
663                 0.879899            0.101374            0.0187268           
663.5               0.879907            0.101375            0.0187182           
664                 0.879915            0.101376            0.0187096           
664.5               0.879923            0.101376            0.018701            
665                 0.879931            0.101377            0.0186924           
665.5               0.879939            0.101378            0.0186838           
666                 0.879947            0.101378            0.0186752           
666.5               0.879955            0.101379            0.0186666           
667                 0.879963            0.101379            0.018658            
667.5               0.87997             0.10138             0.0186495           
668                 0.879978            0.101381            0.0186409           
668.5               0.879986            0.101381            0.0186324           
669                 0.879994            0.101382            0.0186238           
669.5               0.880002            0.101383            0.0186153           
670                 0.88001             0.101383            0.0186068           
670.5               0.880018            0.101384            0.0185982           
671                 0.880026            0.101384            0.0185897           
671.5               0.880034            0.101385            0.0185812           
672                 0.880042            0.101386            0.0185727           
672.5               0.880049            0.101386            0.0185643           
673                 0.880057            0.101387            0.0185558           
673.5               0.880065            0.101388            0.0185473           
674                 0.880073            0.101388            0.0185389           
674.5               0.880081            0.101389            0.0185304           
675                 0.880089            0.101389            0.018522            
675.5               0.880096            0.10139             0.0185135           
676                 0.880104            0.101391            0.0185051           
676.5               0.880112            0.101391            0.0184967           
677                 0.88012             0.101392            0.0184882           
677.5               0.880128            0.101393            0.0184798           
678                 0.880135            0.101393            0.0184714           
678.5               0.880143            0.101394            0.018463            
679                 0.880151            0.101394            0.0184547           
679.5               0.880159            0.101395            0.0184463           
680                 0.880166            0.101396            0.0184379           
680.5               0.880174            0.101396            0.0184295           
681                 0.880182            0.101397            0.0184212           
681.5               0.88019             0.101398            0.0184128           
682                 0.880197            0.101398            0.0184045           
682.5               0.880205            0.101399            0.0183962           
683                 0.880213            0.101399            0.0183879           
683.5               0.880221            0.1014              0.0183795           
684                 0.880228            0.101401            0.0183712           
684.5               0.880236            0.101401            0.0183629           
685                 0.880244            0.101402            0.0183546           
685.5               0.880251            0.101402            0.0183463           
686                 0.880259            0.101403            0.0183381           
686.5               0.880267            0.101404            0.0183298           
687                 0.880274            0.101404            0.0183215           
687.5               0.880282            0.101405            0.0183133           
688                 0.88029             0.101405            0.018305            
688.5               0.880297            0.101406            0.0182968           
689                 0.880305            0.101407            0.0182885           
689.5               0.880312            0.101407            0.0182803           
690                 0.88032             0.101408            0.0182721           
690.5               0.880328            0.101408            0.0182639           
691                 0.880335            0.101409            0.0182557           
691.5               0.880343            0.10141             0.0182475           
692                 0.88035             0.10141             0.0182393           
692.5               0.880358            0.101411            0.0182311           
693                 0.880366            0.101411            0.0182229           
693.5               0.880373            0.101412            0.0182148           
694                 0.880381            0.101413            0.0182066           
694.5               0.880388            0.101413            0.0181984           
695                 0.880396            0.101414            0.0181903           
695.5               0.880403            0.101414            0.0181822           
696                 0.880411            0.101415            0.018174            
696.5               0.880418            0.101416            0.0181659           
697                 0.880426            0.101416            0.0181578           
697.5               0.880433            0.101417            0.0181497           
698                 0.880441            0.101417            0.0181416           
698.5               0.880448            0.101418            0.0181335           
699                 0.880456            0.101419            0.0181254           
699.5               0.880463            0.101419            0.0181173           
700                 0.880471            0.10142             0.0181092           
700.5               0.880478            0.10142             0.0181012           
701                 0.880486            0.101421            0.0180931           
701.5               0.880493            0.101422            0.0180851           
702                 0.880501            0.101422            0.018077            
702.5               0.880508            0.101423            0.018069            
703                 0.880516            0.101423            0.0180609           
703.5               0.880523            0.101424            0.0180529           
704                 0.880531            0.101425            0.0180449           
704.5               0.880538            0.101425            0.0180369           
705                 0.880545            0.101426            0.0180289           
705.5               0.880553            0.101426            0.0180209           
706                 0.88056             0.101427            0.0180129           
706.5               0.880568            0.101427            0.0180049           
707                 0.880575            0.101428            0.017997            
707.5               0.880582            0.101429            0.017989            
708                 0.88059             0.101429            0.017981            
708.5               0.880597            0.10143             0.0179731           
709                 0.880604            0.10143             0.0179651           
709.5               0.880612            0.101431            0.0179572           
710                 0.880619            0.101432            0.0179493           
710.5               0.880626            0.101432            0.0179413           
711                 0.880634            0.101433            0.0179334           
711.5               0.880641            0.101433            0.0179255           
712                 0.880648            0.101434            0.0179176           
712.5               0.880656            0.101435            0.0179097           
713                 0.880663            0.101435            0.0179018           
713.5               0.88067             0.101436            0.0178939           
714                 0.880678            0.101436            0.0178861           
714.5               0.880685            0.101437            0.0178782           
715                 0.880692            0.101437            0.0178703           
715.5               0.8807              0.101438            0.0178625           
716                 0.880707            0.101439            0.0178546           
716.5               0.880714            0.101439            0.0178468           
717                 0.880721            0.10144             0.0178389           
717.5               0.880729            0.10144             0.0178311           
718                 0.880736            0.101441            0.0178233           
718.5               0.880743            0.101441            0.0178155           
719                 0.88075             0.101442            0.0178077           
719.5               0.880758            0.101443            0.0177999           
720                 0.880765            0.101443            0.0177921           
720.5               0.880772            0.101444            0.0177843           
721                 0.880779            0.101444            0.0177765           
721.5               0.880786            0.101445            0.0177687           
722                 0.880794            0.101445            0.017761            
722.5               0.880801            0.101446            0.0177532           
723                 0.880808            0.101447            0.0177455           
723.5               0.880815            0.101447            0.0177377           
724                 0.880822            0.101448            0.01773             
724.5               0.880829            0.101448            0.0177222           
725                 0.880837            0.101449            0.0177145           
725.5               0.880844            0.101449            0.0177068           
726                 0.880851            0.10145             0.0176991           
726.5               0.880858            0.101451            0.0176914           
727                 0.880865            0.101451            0.0176837           
727.5               0.880872            0.101452            0.017676            
728                 0.880879            0.101452            0.0176683           
728.5               0.880887            0.101453            0.0176606           
729                 0.880894            0.101453            0.017653            
729.5               0.880901            0.101454            0.0176453           
730                 0.880908            0.101455            0.0176376           
730.5               0.880915            0.101455            0.01763             
731                 0.880922            0.101456            0.0176223           
731.5               0.880929            0.101456            0.0176147           
732                 0.880936            0.101457            0.0176071           
732.5               0.880943            0.101457            0.0175994           
733                 0.88095             0.101458            0.0175918           
733.5               0.880957            0.101458            0.0175842           
734                 0.880964            0.101459            0.0175766           
734.5               0.880971            0.10146             0.017569            
735                 0.880978            0.10146             0.0175614           
735.5               0.880986            0.101461            0.0175538           
736                 0.880993            0.101461            0.0175462           
736.5               0.881               0.101462            0.0175387           
737                 0.881007            0.101462            0.0175311           
737.5               0.881014            0.101463            0.0175235           
738                 0.881021            0.101463            0.017516            
738.5               0.881028            0.101464            0.0175084           
739                 0.881035            0.101465            0.0175009           
739.5               0.881042            0.101465            0.0174934           
740                 0.881048            0.101466            0.0174858           
740.5               0.881055            0.101466            0.0174783           
741                 0.881062            0.101467            0.0174708           
741.5               0.881069            0.101467            0.0174633           
742                 0.881076            0.101468            0.0174558           
742.5               0.881083            0.101468            0.0174483           
743                 0.88109             0.101469            0.0174408           
743.5               0.881097            0.10147             0.0174333           
744                 0.881104            0.10147             0.0174258           
744.5               0.881111            0.101471            0.0174184           
745                 0.881118            0.101471            0.0174109           
745.5               0.881125            0.101472            0.0174035           
746                 0.881132            0.101472            0.017396            
746.5               0.881139            0.101473            0.0173886           
747                 0.881146            0.101473            0.0173811           
747.5               0.881152            0.101474            0.0173737           
748                 0.881159            0.101474            0.0173663           
748.5               0.881166            0.101475            0.0173589           
749                 0.881173            0.101476            0.0173514           
749.5               0.88118             0.101476            0.017344            
750                 0.881187            0.101477            0.0173366           
750.5               0.881194            0.101477            0.0173292           
751                 0.8812              0.101478            0.0173219           
751.5               0.881207            0.101478            0.0173145           
752                 0.881214            0.101479            0.0173071           
752.5               0.881221            0.101479            0.0172997           
753                 0.881228            0.10148             0.0172924           
753.5               0.881235            0.10148             0.017285            
754                 0.881241            0.101481            0.0172777           
754.5               0.881248            0.101482            0.0172703           
755                 0.881255            0.101482            0.017263            
755.5               0.881262            0.101483            0.0172557           
756                 0.881269            0.101483            0.0172483           
756.5               0.881275            0.101484            0.017241            
757                 0.881282            0.101484            0.0172337           
757.5               0.881289            0.101485            0.0172264           
758                 0.881296            0.101485            0.0172191           
758.5               0.881302            0.101486            0.0172118           
759                 0.881309            0.101486            0.0172045           
759.5               0.881316            0.101487            0.0171972           
760                 0.881323            0.101487            0.01719             
760.5               0.881329            0.101488            0.0171827           
761                 0.881336            0.101488            0.0171754           
761.5               0.881343            0.101489            0.0171682           
762                 0.88135             0.10149             0.0171609           
762.5               0.881356            0.10149             0.0171537           
763                 0.881363            0.101491            0.0171464           
763.5               0.88137             0.101491            0.0171392           
764                 0.881376            0.101492            0.017132            
764.5               0.881383            0.101492            0.0171248           
765                 0.88139             0.101493            0.0171175           
765.5               0.881396            0.101493            0.0171103           
766                 0.881403            0.101494            0.0171031           
766.5               0.88141             0.101494            0.0170959           
767                 0.881416            0.101495            0.0170888           
767.5               0.881423            0.101495            0.0170816           
768                 0.88143             0.101496            0.0170744           
768.5               0.881436            0.101496            0.0170672           
769                 0.881443            0.101497            0.0170601           
769.5               0.88145             0.101498            0.0170529           
770                 0.881456            0.101498            0.0170457           
770.5               0.881463            0.101499            0.0170386           
771                 0.881469            0.101499            0.0170315           
771.5               0.881476            0.1015              0.0170243           
772                 0.881483            0.1015              0.0170172           
772.5               0.881489            0.101501            0.0170101           
773                 0.881496            0.101501            0.0170029           
773.5               0.881502            0.101502            0.0169958           
774                 0.881509            0.101502            0.0169887           
774.5               0.881516            0.101503            0.0169816           
775                 0.881522            0.101503            0.0169745           
775.5               0.881529            0.101504            0.0169674           
776                 0.881535            0.101504            0.0169604           
776.5               0.881542            0.101505            0.0169533           
777                 0.881548            0.101505            0.0169462           
777.5               0.881555            0.101506            0.0169392           
778                 0.881562            0.101506            0.0169321           
778.5               0.881568            0.101507            0.016925            
779                 0.881575            0.101507            0.016918            
779.5               0.881581            0.101508            0.016911            
780                 0.881588            0.101508            0.0169039           
780.5               0.881594            0.101509            0.0168969           
781                 0.881601            0.101509            0.0168899           
781.5               0.881607            0.10151             0.0168829           
782                 0.881614            0.101511            0.0168758           
782.5               0.88162             0.101511            0.0168688           
783                 0.881627            0.101512            0.0168618           
783.5               0.881633            0.101512            0.0168548           
784                 0.88164             0.101513            0.0168479           
784.5               0.881646            0.101513            0.0168409           
785                 0.881652            0.101514            0.0168339           
785.5               0.881659            0.101514            0.0168269           
786                 0.881665            0.101515            0.01682             
786.5               0.881672            0.101515            0.016813            
787                 0.881678            0.101516            0.016806            
787.5               0.881685            0.101516            0.0167991           
788                 0.881691            0.101517            0.0167922           
788.5               0.881698            0.101517            0.0167852           
789                 0.881704            0.101518            0.0167783           
789.5               0.88171             0.101518            0.0167714           
790                 0.881717            0.101519            0.0167644           
790.5               0.881723            0.101519            0.0167575           
791                 0.88173             0.10152             0.0167506           
791.5               0.881736            0.10152             0.0167437           
792                 0.881742            0.101521            0.0167368           
792.5               0.881749            0.101521            0.0167299           
793                 0.881755            0.101522            0.0167231           
