192.8913  0.002817 
193.4945  0.002742 
194.0977  0.002691 
194.3993  0.002642 
195.5868  0.002558 
195.8884  0.002514 
197.3964  0.002421 
197.9996  0.002382 
199.2060  0.002336 
199.8092  0.002328 
200.1108  0.002313 
200.9968  0.002306 
201.9016  0.002313 
202.5048  0.002328 
202.8063  0.002343 
203.7111  0.002374 
204.3143  0.002413 
204.9175  0.002446 
205.5019  0.002488 
206.1051  0.002549 
206.4067  0.002576 
207.0099  0.002623 
207.3115  0.002671 
207.6131  0.002711 
208.2163  0.002806 
208.8195  0.002861 
209.1211  0.002954 
209.4227  0.003003 
210.0259  0.003093 
210.6102  0.003146 
210.9118  0.003259 
211.2134  0.003365 
211.5150  0.003444 
212.1182  0.003563 
212.7214  0.003766 
213.0230  0.003847 
213.6262  0.003994 
213.9278  0.004108 
214.5310  0.004278 
214.8326  0.004517 
215.4169  0.004753 
216.3217  0.005160 
216.9249  0.005348 
216.9249  0.005511 
217.5281  0.005730 
218.1313  0.006063 
218.7345  0.006442 
219.3377  0.006802 
219.9221  0.007068 
220.2237  0.007355 
220.8269  0.007508 
221.1285  0.007750 
221.4301  0.008002 
222.0333  0.008091 
222.9381  0.008277 
223.5413  0.008372 
224.7477  0.008183 
225.3320  0.008091 
225.9352  0.008002 
226.2368  0.007828 
226.8400  0.007587 
227.4432  0.007355 
228.3480  0.007068 
228.9512  0.006866 
229.5544  0.006619 
229.5544  0.006619 
230.1387  0.006442 
230.4403  0.006274 
231.3451  0.006013 
231.9483  0.005822 
232.5515  0.005685 
233.1547  0.005554 
233.7579  0.005429 
234.3611  0.005309 
234.9455  0.005234 
235.5487  0.005160 
236.4535  0.005052 
237.3583  0.005016 
237.9615  0.004982 
238.8663  0.005052 
239.7522  0.005123 
240.6570  0.005234 
241.2602  0.005348 
242.1650  0.005511 
243.0698  0.005685 
243.6730  0.005869 
244.5589  0.006063 
245.1621  0.006220 
245.4637  0.006329 
246.0669  0.006559 
246.0669  0.006559 
246.6701  0.006802 
246.9717  0.006932 
247.5749  0.007209 
248.1781  0.007508 
248.4797  0.007750 
248.7813  0.007828 
249.3845  0.008277 
249.3845  0.008277 
249.9689  0.008571 
249.9689  0.008779 
250.2705  0.008998 
250.8737  0.009461 
251.1753  0.009716 
251.7785  0.010268 
252.3817  0.010725 
252.6833  0.011053 
252.9849  0.011761 
253.5881  0.012580 
253.5881  0.012365 
254.1913  0.013521 
254.4740  0.013779 
255.3788  0.015538 
256.5852  0.018765 
257.4900  0.022185 
258.3948  0.026206 
259.5823  0.033491 
260.1855  0.040964 
261.0903  0.049356 
262.2967  0.074941 
263.5031  0.128034 
264.3891  0.155598 
264.9923  0.266931 
265.8971  0.423049 
267.7067  0.423049 
269.4974  1.020210 
270.7038  0.266931 
272.2118  0.155598 
273.7198  0.108766 
274.9073  0.074941 
276.4153  0.057160 
277.9233  0.043425 
279.4125  0.033491 
280.9205  0.028255 
282.4284  0.023635 
284.2192  0.020350 
285.4256  0.018765 
286.3304  0.017409 
287.5368  0.015879 
289.6291  0.014047 
290.8355  0.013034 
292.3435  0.011956 
293.5499  0.011402 
294.4359  0.010725 
295.6422  0.010124 
296.5470  0.009587 
298.7336  0.008641 
300.4301  0.007898 
301.7873  0.007441 
302.8052  0.007033 
303.8231  0.006738 
304.8222  0.006402 
305.8401  0.006099 
306.5187  0.005930 
307.1973  0.005719 
308.5545  0.005383 
309.5723  0.005167 
310.5902  0.004931 
311.9474  0.004679 
312.9653  0.004484 
313.9832  0.004275 
315.0011  0.004137 
316.3583  0.003934 
317.0369  0.003840 
318.0548  0.003686 
318.7334  0.003544 
319.4120  0.003486 
320.4299  0.003377 
321.0897  0.003291 
322.1075  0.003177 
323.1254  0.003056 
324.4826  0.002944 
325.5005  0.002827 
326.1791  0.002766 
326.8577  0.002719 
327.8756  0.002652 
328.5542  0.002588 
329.2328  0.002537 
330.5900  0.002460 
331.9472  0.002369 
332.9651  0.002309 
333.9830  0.002253 
334.3223  0.002237 
335.0009  0.002206 
336.0188  0.002154 
336.3581  0.002126 
337.3571  0.002084 
338.3750  0.002052 
339.0536  0.002026 
339.7322  0.002000 
340.7501  0.001976 
341.4287  0.001952 
342.1073  0.001934 
343.4645  0.001905 
343.6701  0.001904 
344.3474  0.001887 
344.4824  0.001883 
345.3634  0.001871 
345.5003  0.001867 
346.0408  0.001860 
346.1789  0.001861 
346.5182  0.001856 
347.0567  0.001849 
347.1968  0.001845 
347.7341  0.001844 
348.2147  0.001835 
348.4114  0.001839 
349.0887  0.001833 
350.1047  0.001828 
350.5000  0.001857 
351.0000  0.001859 
351.5000  0.001858 
352.0000  0.001860 
352.5000  0.001863 
353.0000  0.001867 
353.5000  0.001872 
354.0000  0.001874 
354.5000  0.001878 
355.0000  0.001884 
355.5000  0.001890 
356.0000  0.001899 
356.5000  0.001906 
357.0000  0.001914 
357.5000  0.001923 
358.0000  0.001934 
358.5000  0.001945 
359.0000  0.001957 
359.5000  0.001970 
360.0000  0.001983 
360.5000  0.001999 
361.0000  0.002017 
361.5000  0.002035 
362.0000  0.002054 
362.5000  0.002074 
363.0000  0.002097 
363.5000  0.002121 
364.0000  0.002144 
364.5000  0.002170 
365.0000  0.002201 
365.5000  0.002232 
366.0000  0.002266 
366.5000  0.002302 
367.0000  0.002339 
367.5000  0.002377 
368.0000  0.002418 
368.5000  0.002464 
369.0000  0.002514 
369.5000  0.002564 
370.0000  0.002613 
370.5000  0.002666 
371.0000  0.002723 
371.5000  0.002777 
372.0000  0.002832 
372.5000  0.002890 
373.0000  0.002952 
373.5000  0.003017 
374.0000  0.003080 
374.5000  0.003145 
375.0000  0.003214 
375.5000  0.003282 
376.0000  0.003353 
376.5000  0.003430 
377.0000  0.003513 
377.5000  0.003598 
378.0000  0.003688 
378.5000  0.003782 
379.0000  0.003907 
379.5000  0.004008 
380.0000  0.004118 
380.5000  0.004235 
381.0000  0.004355 
381.5000  0.004478 
382.0000  0.004613 
382.5000  0.004768 
383.0000  0.004939 
383.5000  0.005124 
384.0000  0.005319 
384.5000  0.005520 
385.0000  0.005742 
385.5000  0.005990 
386.0000  0.006257 
386.5000  0.006598 
387.0000  0.006914 
387.5000  0.007265 
388.0000  0.007659 
388.5000  0.008102 
389.0000  0.008572 
389.5000  0.009106 
390.0000  0.009725 
390.5000  0.010421 
391.0000  0.011191 
391.5000  0.012050 
392.0000  0.013044 
392.5000  0.014168 
393.0000  0.015400 
393.5000  0.016789 
394.0000  0.018373 
394.5000  0.020143 
395.0000  0.022217 
395.5000  0.024574 
396.0000  0.027263 
396.5000  0.030579 
397.0000  0.034190 
397.5000  0.038188 
398.0000  0.044223 
398.5000  0.050523 
399.0000  0.057477 
399.5000  0.065420 
400.0000  0.075029 
400.5000  0.085998 
401.0000  0.098496 
401.5000  0.113913 
402.0000  0.132457 
402.5000  0.154417 
403.0000  0.181954 
403.5000  0.213914 
404.0000  0.251731 
404.5000  0.294060 
405.0000  0.349022 
405.5000  0.411364 
406.0000  0.476208 
406.5000  0.560288 
407.0000  0.666279 
407.5000  0.780680 
408.0000  0.958843 
408.5000  1.114095 
409.0000  1.265046 
409.5000  1.451704 
410.0000  1.788153 
410.5000  2.040152 
411.0000  2.329910 
411.5000  2.639543 
412.0000  2.980761 
412.5000  3.370707 
413.0000  3.786025 
413.5000  4.241126 
414.0000  4.753679 
414.5000  5.333219 
415.0000  6.006145 
415.5000  6.734948 
416.0000  7.525384 
416.5000  8.443997 
417.0000  9.437074 
417.5000  10.542317 
418.0000  11.830132 
418.5000  13.260025 
419.0000  14.922813 
419.5000  16.817206 
420.0000  19.001849 
420.5000  21.340983 
421.0000  24.045148 
421.5000  27.480170 
422.0000  31.274759 
422.5000  35.282328 
423.0000  39.893087 
423.5000  45.592100 
424.0000  52.593134 
424.5000  59.501554 
425.0000  67.837520 
425.5000  78.889700 
426.0000  90.595914 
426.5000  103.252696 
427.0000  118.003081 
427.5000  139.033333 
428.0000  165.204314 
428.5000  192.361187 
429.0000  226.489785 
429.5000  280.847333 
430.0000  326.566667 
430.5000  369.535965 
431.0000  452.979570 
431.5000  540.091026 
432.0000  610.537681 
433.5000  877.647917 
434.0000  1170.197222 
434.5000  1755.295833 
435.0000  2340.394444 
435.5000  3510.591667 
436.0000  7021.183333 
800.0000  10000. 
