190.00000   0.01277 
190.50000   0.01257 
191.00000   0.01229 
191.50000   0.01213 
192.00000   0.01195 
192.50000   0.01173 
193.00000   0.01152 
193.50000   0.01144 
194.00000   0.01133 
194.50000   0.01123 
195.00000   0.01119 
195.50000   0.01115 
196.00000   0.01111 
196.50000   0.01099 
197.00000   0.01097 
197.50000   0.01100 
198.00000   0.01091 
198.50000   0.01092 
199.00000   0.01087 
199.50000   0.01060 
200.00000   0.01084 
200.50000   0.01070 
201.00000   0.01060 
201.50000   0.01049 
202.00000   0.01077 
202.50000   0.01077 
203.00000   0.01063 
203.50000   0.01065 
204.00000   0.01063 
204.50000   0.01055 
205.00000   0.01043 
205.50000   0.01053 
206.00000   0.01048 
206.50000   0.01070 
207.00000   0.01058 
207.50000   0.01050 
208.00000   0.01051 
208.50000   0.01054 
209.00000   0.01058 
209.50000   0.01047 
210.00000   0.01043 
210.50000   0.01036 
211.00000   0.01040 
211.50000   0.01034 
212.00000   0.01044 
212.50000   0.01041 
213.00000   0.01053 
213.50000   0.01037 
214.00000   0.01047 
214.50000   0.01026 
215.00000   0.01046 
215.50000   0.01043 
216.00000   0.01047 
216.50000   0.01037 
217.00000   0.01034 
217.50000   0.01044 
218.00000   0.01035 
218.50000   0.01038 
219.00000   0.01024 
219.50000   0.01031 
220.00000   0.01041 
220.50000   0.01027 
221.00000   0.01036 
221.50000   0.01032 
222.00000   0.01038 
222.50000   0.01038 
223.00000   0.01038 
223.50000   0.01044 
224.00000   0.01047 
224.50000   0.01056 
225.00000   0.01059 
225.50000   0.01056 
226.00000   0.01068 
226.50000   0.01069 
227.00000   0.01074 
227.50000   0.01078 
228.00000   0.01091 
228.50000   0.01092 
229.00000   0.01090 
229.50000   0.01093 
230.00000   0.01093 
230.50000   0.01096 
231.00000   0.01098 
231.50000   0.01097 
232.00000   0.01099 
232.50000   0.01089 
233.00000   0.01090 
233.50000   0.01092 
234.00000   0.01088 
234.50000   0.01086 
235.00000   0.01079 
235.50000   0.01068 
236.00000   0.01066 
236.50000   0.01062 
237.00000   0.01059 
237.50000   0.01045 
238.00000   0.01047 
238.50000   0.01040 
239.00000   0.01055 
239.50000   0.01034 
240.00000   0.01020 
240.50000   0.01038 
241.00000   0.01030 
241.50000   0.01034 
242.00000   0.01036 
242.50000   0.01022 
243.00000   0.01038 
243.50000   0.01039 
244.00000   0.01038 
244.50000   0.01032 
245.00000   0.01039 
245.50000   0.01035 
246.00000   0.01040 
246.50000   0.01037 
247.00000   0.01032 
247.50000   0.01040 
248.00000   0.01038 
248.50000   0.01032 
249.00000   0.01036 
249.50000   0.01035 
250.00000   0.01025 
250.50000   0.01032 
251.00000   0.01031 
251.50000   0.01041 
252.00000   0.01038 
252.50000   0.01043 
253.00000   0.01034 
253.50000   0.01039 
254.00000   0.01035 
254.50000   0.01057 
255.00000   0.01052 
255.50000   0.01053 
256.00000   0.01040 
256.50000   0.01045 
257.00000   0.01054 
257.50000   0.01050 
258.00000   0.01058 
258.50000   0.01051 
259.00000   0.01049 
259.50000   0.01053 
260.00000   0.01049 
260.50000   0.01054 
261.00000   0.01056 
261.50000   0.01051 
262.00000   0.01047 
262.50000   0.01060 
263.00000   0.01057 
263.50000   0.01057 
264.00000   0.01047 
264.50000   0.01052 
265.00000   0.01055 
265.50000   0.01056 
266.00000   0.01055 
266.50000   0.01060 
267.00000   0.01051 
267.50000   0.01059 
268.00000   0.01048 
268.50000   0.01056 
269.00000   0.01061 
269.50000   0.01059 
270.00000   0.01054 
270.50000   0.01053 
271.00000   0.01071 
271.50000   0.01066 
272.00000   0.01076 
272.50000   0.01077 
273.00000   0.01077 
273.50000   0.01087 
274.00000   0.01090 
274.50000   0.01096 
275.00000   0.01095 
275.50000   0.01097 
276.00000   0.01106 
276.50000   0.01112 
277.00000   0.01115 
277.50000   0.01118 
278.00000   0.01127 
278.50000   0.01135 
279.00000   0.01129 
279.50000   0.01134 
280.00000   0.01139 
280.50000   0.01140 
281.00000   0.01140 
281.50000   0.01142 
282.00000   0.01143 
282.50000   0.01146 
283.00000   0.01151 
283.50000   0.01153 
284.00000   0.01156 
284.50000   0.01151 
285.00000   0.01154 
285.50000   0.01155 
286.00000   0.01153 
286.50000   0.01156 
287.00000   0.01149 
287.50000   0.01158 
288.00000   0.01156 
288.50000   0.01158 
289.00000   0.01160 
289.50000   0.01163 
290.00000   0.01169 
290.50000   0.01172 
291.00000   0.01169 
291.50000   0.01169 
292.00000   0.01172 
292.50000   0.01181 
293.00000   0.01180 
293.50000   0.01183 
294.00000   0.01186 
294.50000   0.01183 
295.00000   0.01188 
295.50000   0.01192 
296.00000   0.01194 
296.50000   0.01192 
297.00000   0.01194 
297.50000   0.01200 
298.00000   0.01204 
298.50000   0.01206 
299.00000   0.01206 
299.50000   0.01209 
300.00000   0.01215 
300.50000   0.01220 
301.00000   0.01221 
301.50000   0.01227 
302.00000   0.01227 
302.50000   0.01233 
303.00000   0.01235 
303.50000   0.01236 
304.00000   0.01241 
304.50000   0.01245 
305.00000   0.01248 
305.50000   0.01252 
306.00000   0.01252 
306.50000   0.01259 
307.00000   0.01266 
307.50000   0.01263 
308.00000   0.01267 
308.50000   0.01277 
309.00000   0.01275 
309.50000   0.01273 
310.00000   0.01278 
310.50000   0.01283 
311.00000   0.01287 
311.50000   0.01293 
312.00000   0.01300 
312.50000   0.01310 
313.00000   0.01313 
313.50000   0.01319 
314.00000   0.01329 
314.50000   0.01336 
315.00000   0.01342 
315.50000   0.01351 
316.00000   0.01361 
316.50000   0.01371 
317.00000   0.01380 
317.50000   0.01392 
318.00000   0.01401 
318.50000   0.01411 
319.00000   0.01424 
319.50000   0.01438 
320.00000   0.01448 
320.50000   0.01462 
321.00000   0.01478 
321.50000   0.01491 
322.00000   0.01506 
322.50000   0.01524 
323.00000   0.01544 
323.50000   0.01564 
324.00000   0.01585 
324.50000   0.01609 
325.00000   0.01644 
325.50000   0.01695 
326.00000   0.01782 
326.50000   0.01924 
327.00000   0.02149 
327.50000   0.02459 
328.00000   0.02877 
328.50000   0.03402 
329.00000   0.04071 
329.50000   0.04898 
330.00000   0.05929 
330.50000   0.07165 
331.00000   0.08670 
331.50000   0.10479 
332.00000   0.12645 
332.50000   0.15107 
333.00000   0.18048 
333.50000   0.21465 
334.00000   0.25197 
334.50000   0.29512 
335.00000   0.34145 
335.50000   0.39370 
336.00000   0.44944 
336.50000   0.50635 
337.00000   0.56499 
337.50000   0.62425 
338.00000   0.68507 
338.50000   0.75834 
339.00000   0.82509 
339.50000   0.89421 
340.00000   0.97884 
340.50000   1.04899 
341.00000   1.12635 
341.50000   1.21961 
342.00000   1.26855 
342.50000   1.34529 
343.00000   1.41447 
343.50000   1.47407 
344.00000   1.54227 
344.50000   1.59433 
345.00000   1.63705 
345.50000   1.70955 
346.00000   1.78648 
346.50000   1.86935 
347.00000   1.97202 
347.50000   2.10900 
348.00000   2.16099 
348.50000   2.32888 
349.00000   2.38884 
349.50000   2.78999 
350.00000   2.92969 
350.50000   3.19570 
351.00000   3.54598 
351.50000   3.77924 
352.00000   3.85032 
352.50000   4.17051 
353.00000   4.26413 
353.50000   4.50340 
354.00000   4.94435 
354.50000   5.04073 
355.00000   5.93151 
355.50000   6.41733 
356.00000   6.70623 
356.50000   6.39492 
357.00000   6.64031 
357.50000   6.19502 
358.00000   7.24211 
358.50000   7.88617 
359.00000   7.40151 
359.50000   8.33801 
360.00000   8.44484 
360.50000   8.05386 
361.00000   8.87522 
361.50000   7.74279 
362.00000   7.70261 
362.50000   9.80137 
363.00000   8.63194 
363.50000   9.63474 
364.00000   11.35066 
364.50000   9.28404 
365.00000   10.70787 
365.50000   8.75749 
366.00000   9.88147 
366.50000   8.89992 
367.00000   9.64894 
367.50000   8.88625 
368.00000   8.79467 
368.50000   8.08163 
369.00000   8.57951 
369.50000   8.89911 
370.00000   9.13862 
370.50000   10.65968 
371.00000   11.50856 
371.50000   11.65692 
372.00000   13.06969 
372.50000   12.70904 
373.00000   13.83992 
373.50000   13.09924 
374.00000   13.60102 
374.50000   11.55253 
375.00000   14.67473 
375.50000   19.07134 
376.00000   17.41283 
376.50000   15.92269 
377.00000   13.42650 
377.50000   18.22964 
378.00000   20.23928 
378.50000   17.99442 
379.00000   15.53204 
379.50000   14.54351 
380.00000   19.26401 
380.50000   15.25275 
381.00000   20.74503 
381.50000   16.07389 
382.00000   15.41389 
382.50000   15.55665 
383.00000   13.68641 
383.50000   20.40387 
384.00000   17.28523 
384.50000   16.77631 
385.00000   15.01461 
385.50000   15.39456 
386.00000   14.30745 
386.50000   12.19920 
387.00000   14.19925 
387.50000   16.45338 
388.00000   12.60683 
388.50000   12.62632 
389.00000   12.70587 
389.50000   13.24030 
390.00000   12.03902 
390.50000   13.25768 
391.00000   17.02388 
391.50000   21.05412 
392.00000   24.67117 
392.50000   26.52300 
393.00000   30.97703 
393.50000   32.36553 
394.00000   37.07607 
394.50000   45.68945 
395.00000   30.68122 
395.50000   68.96377 
396.00000   58.36904 
396.50000   45.80879 
397.00000   49.00128 
397.50000   63.52628 
398.00000   55.17569 
398.50000   63.04312 
399.00000   82.16852 
399.50000   52.69840 
400.00000   60.41457 
400.50000   56.66126 
401.00000   74.44885 
402.00000   78.71717 
410.00000   78.71717 
430.00000   357.
800.00000   357.
