189.883  0.00001379 
191.331  0.00001379 
192.780  0.00001379 
194.229  0.00001382 
195.048  0.00001390 
195.464  0.00001393 
196.081  0.00001404 
196.913  0.00001415 
197.530  0.00001426 
198.349  0.00001441 
198.765  0.00001453 
199.181  0.00001465 
199.596  0.00001481 
200.214  0.00001506 
200.831  0.00001527 
201.247  0.00001544 
201.448  0.00001566 
201.864  0.00001589 
202.066  0.00001603 
202.897  0.00001652 
203.313  0.00001678 
203.515  0.00001704 
204.346  0.00001760 
204.749  0.00001794 
205.367  0.00001837 
205.782  0.00001875 
206.400  0.00001928 
207.433  0.00002022 
208.063  0.00002084 
208.680  0.00002125 
209.499  0.00002185 
209.915  0.00002221 
210.532  0.00002258 
211.150  0.00002286 
211.565  0.00002306 
212.183  0.00002316 
212.800  0.00002326 
213.833  0.00002306 
215.080  0.00002286 
215.698  0.00002258 
216.315  0.00002230 
216.933  0.00002212 
217.550  0.00002194 
218.180  0.00002177 
218.797  0.00002159 
219.213  0.00002151 
219.830  0.00002142 
220.649  0.00002151 
221.267  0.00002168 
222.098  0.00002185 
222.514  0.00002221 
223.131  0.00002249 
223.749  0.00002296 
224.366  0.00002336 
224.782  0.00002377 
225.613  0.00002452 
226.231  0.00002532 
226.634  0.00002581 
227.264  0.00002669 
227.881  0.00002765 
228.083  0.00002852 
228.498  0.00002929 
228.914  0.00002994 
229.330  0.00003114 
229.947  0.00003264 
230.565  0.00003474 
230.980  0.00003636 
231.384  0.00003762 
232.014  0.00003955 
232.417  0.00004135 
232.631  0.00004299 
233.248  0.00004631 
233.664  0.00004794 
234.281  0.00005259 
234.697  0.00005643 
235.100  0.00006018 
235.516  0.00006372 
236.133  0.00006854 
236.549  0.00007317 
236.965  0.00007737 
237.381  0.00008332 
237.784  0.00008874 
238.200  0.00009500 
238.817  0.00010221 
239.233  0.00010832 
239.649  0.00011765 
239.649  0.00012244 
240.480  0.00012582 
240.682  0.00013137 
241.501  0.00013198 
241.715  0.00013815 
242.131  0.00013541 
242.949  0.00013198 
242.949  0.00013815 
243.983  0.00012582 
244.398  0.00012303 
244.398  0.00012831 
245.016  0.00011765 
245.431  0.00011978 
245.633  0.00011272 
245.847  0.00011465 
246.666  0.00010779 
246.880  0.00010221 
247.498  0.00009975 
248.317  0.00009176 
248.317  0.00009452 
248.934  0.00008599 
248.934  0.00008980 
249.967  0.00008082 
249.967  0.00008289 
250.799  0.00007812 
251.000  0.00007631 
252.248  0.00007381 
252.449  0.00007129 
253.482  0.00006995 
254.100  0.00006822 
255.334  0.00006491 
256.166  0.00006337 
256.997  0.00006195 
258.648  0.00005858 
260.084  0.00005497 
260.714  0.00005389 
261.747  0.00005181 
262.365  0.00005036 
263.398  0.00004811 
264.217  0.00004644 
264.834  0.00004527 
265.665  0.00004310 
266.699  0.00004145 
267.316  0.00004020 
267.933  0.00003904 
268.765  0.00003742 
269.798  0.00003544 
270.617  0.00003389 
271.448  0.00003265 
272.482  0.00003114 
273.099  0.00003010 
274.132  0.00002865 
274.749  0.00002763 
275.782  0.00002654 
276.400  0.00002566 
277.231  0.00002471 
277.634  0.00002438 
277.849  0.00002394 
278.264  0.00002353 
278.882  0.00002303 
279.298  0.00002245 
280.318  0.00002164 
280.734  0.00002121 
281.150  0.00002072 
281.981  0.00002010 
282.384  0.00001966 
282.800  0.00001931 
283.216  0.00001904 
283.833  0.00001858 
284.665  0.00001802 
285.282  0.00001766 
286.101  0.00001716 
286.731  0.00001668 
287.550  0.00001633 
288.381  0.00001589 
289.415  0.00001548 
290.448  0.00001509 
291.065  0.00001476 
292.098  0.00001444 
292.715  0.00001425 
293.333  0.00001403 
294.164  0.00001381 
294.983  0.00001360 
295.815  0.00001340 
296.634  0.00001324 
297.251  0.00001308 
298.284  0.00001283 
298.902  0.00001271 
299.532  0.00001259 
300.149  0.00001244 
301.182  0.00001224 
301.598  0.00001219 
302.215  0.00001213 
302.832  0.00001205 
303.450  0.00001203 
304.067  0.00001197 
304.899  0.00001203 
305.718  0.00001211 
306.335  0.00001216 
306.751  0.00001219 
307.582  0.00001230 
307.582  0.00001230 
308.401  0.00001238 
308.401  0.00001238 
309.233  0.00001244 
309.434  0.00001247 
309.850  0.00001250 
310.467  0.00001253 
310.682  0.00001253 
311.299  0.00001256 
311.715  0.00001256 
312.332  0.00001256 
312.534  0.00001259 
313.365  0.00001262 
313.567  0.00001265 
314.184  0.00001271 
314.600  0.00001280 
314.802  0.00001283 
314.802  0.00001289 
315.217  0.00001295 
315.431  0.00001301 
315.835  0.00001317 
316.049  0.00001320 
316.250  0.00001337 
316.666  0.00001343 
316.868  0.00001357 
317.082  0.00001364 
317.284  0.00001374 
317.699  0.00001403 
318.317  0.00001433 
318.518  0.00001456 
318.934  0.00001480 
319.350  0.00001509 
319.766  0.00001539 
320.169  0.00001571 
321.000  0.00001618 
321.416  0.00001663 
322.235  0.00001732 
322.865  0.00001778 
323.268  0.00001826 
323.885  0.00001877 
324.515  0.00001931 
325.548  0.00002025 
325.952  0.00002080 
326.367  0.00002138 
327.199  0.00002226 
327.816  0.00002332 
328.434  0.00002405 
328.635  0.00002460 
329.467  0.00002603 
330.000  0.00002346 
330.500  0.00002402 
331.000  0.00002455 
331.500  0.00002501 
332.000  0.00002544 
332.500  0.00002575 
333.000  0.00002603 
333.500  0.00002629 
334.000  0.00002652 
334.500  0.00002679 
335.000  0.00002714 
335.500  0.00002764 
336.000  0.00002837 
336.500  0.00002937 
337.000  0.00003066 
337.500  0.00003244 
338.000  0.00003480 
338.500  0.00003792 
339.000  0.00004202 
339.500  0.00004731 
340.000  0.00005386 
340.500  0.00006251 
341.000  0.00007394 
341.500  0.00008825 
342.000  0.00010652 
342.500  0.00012806 
343.000  0.00015575 
343.500  0.00019174 
344.000  0.00023616 
344.500  0.00029305 
345.000  0.00036557 
345.500  0.00045524 
346.000  0.00057447 
346.500  0.00075245 
347.000  0.00092293 
347.500  0.00112056 
348.000  0.00133236 
348.500  0.00160933 
349.000  0.00189536 
349.500  0.00222076 
350.000  0.00257043 
350.500  0.00295704 
351.000  0.00332925 
351.500  0.00394283 
352.000  0.00455522 
352.500  0.00525083 
353.000  0.00604440 
353.500  0.00696121 
354.000  0.00799481 
354.500  0.00920888 
355.000  0.01067361 
355.500  0.01235555 
356.000  0.01434287 
356.500  0.01664692 
357.000  0.01972971 
357.500  0.02300639 
358.000  0.02696788 
358.500  0.03166771 
359.000  0.03857031 
359.500  0.04629127 
360.000  0.05761298 
360.500  0.06797755 
361.000  0.08106804 
361.500  0.09659756 
362.000  0.11744575 
362.500  0.13962626 
363.000  0.16588784 
363.500  0.19676113 
364.000  0.23240643 
364.500  0.27652239 
365.000  0.333231 
365.500  0.384183 
366.000  0.443367 
366.500  0.512721 
367.000  0.595421 
367.500  0.696552 
368.000  0.813448 
368.500  0.952099 
369.000  1.113590 
369.500  1.296805 
370.000  1.489624 
370.500  1.719319 
371.000  1.985371 
371.500  2.272632 
372.000  2.593610 
372.500  2.936444 
373.000  3.303918 
373.500  3.710380 
374.000  4.146062 
374.500  4.622672 
375.000  5.139645 
375.500  5.703217 
376.000  6.321689 
376.500  6.943245 
377.000  7.592657 
377.500  8.288168 
378.000  9.010373 
378.500  9.748597 
379.000  10.515738 
379.500  11.193299 
380.000  11.817687 
380.500  12.552023 
381.000  13.342550 
381.500  14.055016 
382.000  14.772109 
382.500  15.538462 
383.000  16.144981 
383.500  16.800774 
384.000  17.476861 
384.500  18.133612 
385.000  18.679570 
385.500  19.216814 
386.000  19.519101 
386.500  20.013825 
387.000  20.631829 
387.500  21.133820 
388.000  21.715000 
388.500  22.386598 
389.000  22.857895 
389.500  23.101064 
390.000  23.475676 
390.500  24.194986 
391.000  24.746439 
391.500  25.176812 
392.000  25.547059 
392.500  25.851190 
393.000  26.401216 
393.500  27.143750 
394.000  27.929260 
394.500  28.201299 
395.000  28.478689 
395.500  28.761589 
396.000  29.245791 
396.500  29.951724 
397.000  30.584507 
397.500  31.357401 
398.000  31.700730 
398.500  32.051661 
399.000  32.531835 
399.500  33.279693 
400.000  33.666667 
400.500  34.196850 
401.000  34.883534 
401.500  35.024194 
402.000  35.308943 
402.500  36.343096 
403.000  37.119658 
403.500  37.601732 
404.000  38.604444 
404.500  39.481818 
405.000  39.844037 
405.500  40.588785 
406.000  40.779343 
406.500  41.165877 
407.000  42.165049 
407.500  43.648241 
408.000  45.239583 
408.500  45.957672 
409.000  46.698925 
409.500  46.698925 
410.000  46.951351 
410.500  48.525140 
411.000  49.919540 
411.500  51.094118 
412.000  52.642424 
412.500  53.617284 
413.000  53.288344 
413.500  54.628931 
414.000  54.974684 
414.500  54.287500 
415.000  56.038710 
415.500  58.689189 
416.000  60.319444 
416.500  60.319444 
417.000  60.319444 
417.500  61.169014 
418.000  63.401460 
418.500  64.820896 
419.000  65.308271 
419.500  66.815385 
420.000  67.333333 
420.500  67.333333 
421.000  69.488000 
421.500  72.383333 
422.000  72.383333 
422.500  74.879310 
423.000  77.553571 
423.500  77.553571 
424.000  79.688073 
424.500  81.943396 
425.000  81.943396 
425.500  80.425926 
426.000  82.723810 
426.500  87.737374 
427.000  91.431579 
427.500  93.397849 
428.000  94.413043 
428.500  94.413043 
429.000  94.413043 
429.500  95.450549 
430.000  98.704545 
430.500  103.404762 
431.000  102.188235 
431.500  102.188235 
432.000  101.000000 
432.500  103.404762 
433.000  107.234568 
433.500  111.358974 
434.000  112.805195 
434.500  112.805195 
435.000  112.805195 
435.500  115.813333 
436.000  117.378378 
436.500  118.986301 
437.000  118.986301 
437.500  124.085714 
438.000  125.884058 
438.500  129.641791 
439.000  133.630769 
439.500  135.718750 
440.000  135.718750 
440.500  140.096774 
441.000  142.393443 
441.500  142.393443 
442.000  144.766667 
442.500  144.766667 
443.000  140.096774 
443.500  140.096774 
444.000  147.220339 
444.500  152.385965 
445.000  155.107143 
445.500  152.385965 
446.000  152.385965 
446.500  155.107143 
447.000  157.927273 
447.500  163.886792 
448.000  160.851852 
448.500  160.851852 
449.000  163.886792 
449.500  157.927273 
450.000  160.851852 
450.500  167.038462 
451.000  170.313725 
451.500  177.265306 
452.000  184.808511 
452.500  193.022222 
453.000  197.409091 
453.500  188.826087 
454.000  180.958333 
454.500  180.958333 
455.000  177.265306 
455.500  184.808511 
456.000  197.409091 
456.500  202.000000 
457.000  206.809524 
457.500  211.853659 
458.000  217.150000 
458.500  222.717949 
459.000  217.150000 
459.500  206.809524 
460.000  206.809524 
460.500  217.150000 
461.000  211.853659 
461.500  202.000000 
462.000  217.150000 
462.500  234.756757 
463.000  241.277778 
463.500  241.277778 
464.000  241.277778 
464.500  228.578947 
465.000  234.756757 
465.500  234.756757 
466.000  228.578947 
466.500  255.470588 
467.000  271.437500 
467.500  280.193548 
468.000  280.193548 
468.500  271.437500 
469.000  289.533333 
469.500  289.533333 
470.000  255.470588 
470.500  241.277778 
471.000  241.277778 
471.500  255.470588 
472.000  299.517241 
472.500  299.517241 
473.000  271.437500 
473.500  280.193548 
474.000  280.193548 
474.500  299.517241 
475.000  299.517241 
475.500  310.214286 
476.000  310.214286 
476.500  310.214286 
477.000  310.214286 
477.500  299.517241 
478.000  289.533333 
478.500  310.214286 
479.000  299.517241 
479.500  334.076923 
480.000  361.916667 
480.500  299.517241 
481.000  299.517241 
481.500  310.214286 
482.000  310.214286 
482.500  334.076923 
483.000  347.440000 
483.500  361.916667 
484.000  347.440000 
484.500  361.916667 
485.000  377.652174 
485.500  347.440000 
486.000  347.440000 
486.500  361.916667 
487.000  334.076923 
487.500  347.440000 
488.000  361.916667 
488.500  377.652174 
489.000  377.652174 
489.500  394.818182 
490.000  377.652174 
490.500  361.916667 
491.000  377.652174 
491.500  377.652174 
492.000  413.619048 
492.500  413.619048 
493.000  394.818182 
493.500  434.300000 
494.000  413.619048 
494.500  434.300000 
495.000  434.300000 
495.500  413.619048 
496.000  394.818182 
496.500  413.619048 
497.000  413.619048 
497.500  413.619048 
498.000  413.619048 
498.500  457.157895 
499.000  510.941176 
499.500  510.941176 
500.000  457.157895 
500.500  457.157895 
501.000  434.300000 
501.500  457.157895 
502.000  434.300000 
502.500  434.300000 
503.000  482.555556 
503.500  542.875000 
504.000  579.066667 
504.500  579.066667 
505.000  510.941176 
505.500  510.941176 
506.000  482.555556 
506.500  457.157895 
507.000  457.157895 
507.500  482.555556 
508.000  542.875000 
508.500  542.875000 
509.000  579.066667 
509.500  579.066667 
510.000  542.875000 
510.500  542.875000 
511.000  579.066667 
511.500  542.875000 
512.000  510.941176 
512.500  510.941176 
513.000  579.066667 
513.500  620.428571 
514.000  620.428571 
514.500  579.066667 
515.000  542.875000 
515.500  510.941176 
516.000  620.428571 
516.500  723.833333 
517.000  723.833333 
517.500  579.066667 
518.000  482.555556 
518.500  482.555556 
519.000  542.875000 
519.500  542.875000 
520.000  579.066667 
520.500  620.428571 
521.000  668.153846 
521.500  620.428571 
522.000  620.428571 
522.500  620.428571 
523.000  620.428571 
523.500  668.153846 
524.000  723.833333 
524.500  620.428571 
525.000  579.066667 
525.500  620.428571 
526.000  542.875000 
526.500  542.875000 
527.000  542.875000 
527.500  668.153846 
528.000  789.636364 
528.500  868.600000 
529.000  789.636364 
529.500  868.600000 
530.000  965.111111 
530.500  868.600000 
531.000  668.153846 
531.500  620.428571 
532.000  620.428571 
532.500  620.428571 
533.000  620.428571 
533.500  723.833333 
534.000  723.833333 
534.500  668.153846 
535.000  789.636364 
535.500  789.636364 
536.000  868.600000 
536.500  789.636364 
537.000  1085.750000 
537.500  1240.857143 
538.000  1447.666667 
538.500  965.111111 
539.000  868.600000 
539.500  868.600000 
540.000  789.636364 
540.500  868.600000 
541.000  789.636364 
541.500  668.153846 
542.000  789.636364 
542.500  1240.857143 
543.000  965.111111 
543.500  789.636364 
544.000  723.833333 
544.500  1085.750000 
545.000  1085.750000 
545.500  1085.750000 
546.000  1085.750000 
546.500  965.111111 
547.000  965.111111 
547.500  1085.750000 
548.000  1737.200000 
548.500  8686.000000 
549.000  8686.000000 
549.500  2171.500000 
550.000  1240.857143 
550.500  789.636364 
551.000  789.636364 
551.500  965.111111 
552.000  1240.857143 
552.500  1447.666667 
553.000  1447.666667 
553.500  1240.857143 
554.000  965.111111 
554.500  965.111111 
555.000  789.636364 
555.500  789.636364 
556.000  789.636364 
556.500  1085.750000 
557.000  1240.857143 
557.500  1085.750000 
558.000  1085.750000 
558.500  868.600000 
559.000  868.600000 
559.500  1240.857143 
560.000  1447.666667 
560.500  1085.750000 
561.000  1240.857143 
561.500  1240.857143 
562.000  868.600000 
562.500  1085.750000 
563.000  965.111111 
563.500  965.111111 
564.000  1240.857143 
564.500  1447.666667 
565.000  1447.666667 
565.500  1447.666667 
566.000  1240.857143 
566.500  1240.857143 
567.000  1085.750000 
567.500  1447.666667 
568.000  1240.857143 
568.500  1240.857143 
569.000  1447.666667 
569.500  1737.200000 
570.000  2895.333333 
570.500  1737.200000 
571.000  1737.200000 
571.500  1737.200000 
572.000  1737.200000 
572.500  1447.666667 
573.000  965.111111 
573.500  965.111111 
574.000  1085.750000 
574.500  1085.750000 
575.000  1240.857143 
575.500  1240.857143 
576.000  1447.666667 
576.500  2171.500000 
577.000  2895.333333 
577.500  2895.333333 
578.000  1447.666667 
578.500  1240.857143 
579.000  1447.666667 
579.500  1447.666667 
580.000  1737.200000 
580.500  1240.857143 
581.000  1240.857143 
581.500  1085.750000 
582.000  868.600000 
582.500  1085.750000 
583.000  1240.857143 
583.500  1240.857143 
584.000  1447.666667 
584.500  2171.500000 
585.000  2171.500000 
585.500  1447.666667 
586.000  1737.200000 
586.500  4343.000000 
587.000  4343.000000 
587.500  2895.333333 
588.000  1737.200000 
588.500  2171.500000 
589.000  4343.000000 
589.500  4343.000000 
590.000  1737.200000 
590.500  1240.857143 
591.000  2171.500000 
591.500  2171.500000 
592.000  1447.666667 
592.500  1737.200000 
593.000  2895.333333 
593.500  2171.500000 
594.000  2895.333333 
594.500  2171.500000 
595.000  2171.500000 
595.500  1240.857143 
596.000  1240.857143 
596.500  1085.750000 
597.000  1085.750000 
597.500  1737.200000 
598.000  1447.666667 
598.500  1447.666667 
599.000  1447.666667 
599.500  1447.666667 
600.000  1737.200000 
800.000  1737.200000 
